2.42	0.
2.522025018690413	0.03230107406676916
14.80843585626527	0.06875160058218432
2.586571486068424	-0.04989743435592086
2.420503706513931	-0.0004235458618296314
2.494281700990475	0.02422364887858261
11.74625122211873	0.147140493956911
2.648538161907704	-0.06536634224511752
2.421252490999477	-0.0007321273141248981
2.487679670774792	0.02224777228925153
10.80828328493954	0.1664265072855742
2.670750625213175	-0.07059841388831291
2.421636854686208	-0.0008022192535496347
2.493744916627119	0.02405318448303955
11.66923045201834	0.1487667184354017
2.650262097125792	-0.0657743469434084
2.421648446132246	-0.0006171474219539672
2.514075640925054	0.03000427626512237
14.11903897248548	0.0904132734458583
2.600683223430198	-0.05352853491445259
2.421532929104446	-0.0002118678707317395
2.553989966150877	0.04120156340227041
15.80924790397779	-0.007727873932629616
2.546921409544059	-0.03926430625019948
2.42154652702581	0.0002810498945697499
2.608870950015537	0.05560887431399451
13.69899862187847	-0.1018538754279994
2.509984498453465	-0.0288204112754028
2.421662829385685	0.0006598071920026716
2.655608062891567	0.06704587068523424
11.43397315653548	-0.1536840082663905
2.492062146287491	-0.02355313381209314
2.421605352118887	0.0008075398762864104
2.670180385406627	0.07046629377041383
10.83072147833792	-0.1659774017090851
2.487832942979527	-0.02229467487296189
2.421152153347696	0.0006976202334767992
2.64094007301033	0.06353970313035691
12.0963505055954	-0.1396348037270762
2.496847002620573	-0.02498479177708126
2.420377523553776	0.0003580151163774335
2.574748222245157	0.04679237095792811
15.30761420584327	-0.04848398088825392
2.529835583646819	-0.03451678731218034
2.42001173790741	-0.00006812406807977622
2.515072779322816	0.03030789877248674
14.21757122342484	0.0875766884419577
2.598719659773139	-0.05303517803440352
2.420634027360657	-0.0004902566821030246
2.491738746041721	0.02346633692080465
11.39070018307014	0.1545806558844129
2.656602785170056	-0.06728461763232782
2.421354408850839	-0.0007700917977315487
2.487212610394821	0.02210680733748683
10.74032283515887	0.1677835956561742
2.672489611655656	-0.07100130277012458
2.421677609898658	-0.0008041460554574371
2.494979397652517	0.02441909520531096
11.83954425562285	0.1451587065526496
2.646492701404061	-0.06487214428564968
2.421648181584913	-0.0005837590861118933
2.517674619232313	0.03103994157816702
14.45191048357124	0.08053016117136944
2.594044624340702	-0.05182436435679814
2.42153087381442	-0.00015267186673754
2.560398270644923	0.0429412621284882
15.72405419074878	-0.02102676603879655
2.541125788336088	-0.03766140661911705
2.421564610619891	0.0003401459715765885
2.616116349688828	0.05743022341746385
13.32581618407517	-0.1113266819247425
2.506648592835829	-0.02784989824868727
2.421680321248543	0.0006965079353741637
2.660401951965643	0.06817818098799097
11.22938090680337	-0.1579018558227402
2.490616947549925	-0.02312262904600536
2.421584910813281	0.0008142741392777894
2.670180256913328	0.07046646005199698
10.8307075971808	-0.1659776464109501
2.487831707523334	-0.02229498524360843
2.421081274571621	0.0006742461592382134
2.635692973196706	0.06226714599264521
12.3461891358888	-0.1341534019884997
2.498724062108131	-0.025539842162674
2.420296027721977	0.0003136347311134177
2.566906438462317	0.04470450584684146
15.56804311530052	-0.03390420370225996
2.535706805667245	-0.03616611273220582
2.420038504287819	-0.0001133043590962329
2.511145873388005	0.02917313178716208
13.8255986966178	0.09850490897006144
2.606396078655074	-0.05499081709315694
2.420722415223835	-0.0005302285712887064
2.490579112589686	0.02311978107798745
11.22607628165208	0.1579697027219149
2.660474025065977	-0.06819790640940511
2.421411000414565	-0.0007857426416420401
2.48753352502314	0.02220243096285878
10.78672264233257	0.166857561720472
2.67130106472007	-0.07072566786538002
2.42168570929767	-0.0007910115185098606
2.496674911891155	0.02492106059764188
12.07014302794909	0.140203140235398
2.641509445838408	-0.06367241272652198
2.421631628691586	-0.0005449089501245417
2.521286495510484	0.03207415541026687
14.74983762929675	0.07079646551829875
2.587853367060029	-0.0502208866113516
2.421524010219066	-0.00009899629231129014
2.566037885549966	0.04445946145985606
15.59297662783735	-0.03218328237243153
2.536444279575661	-0.03635707178039888
2.421577414531072	0.0003873602072193435
2.621856047790508	0.05886025442019807
13.03274119161657	-0.1184211846188387
2.504175336252592	-0.02712744973770462
2.421685280679429	0.0007211008538100518
2.663366370448349	0.0688747513821787
11.10589263347765	-0.1604229369882604
2.489751378189174	-0.02286453127688963
2.421555270609657	0.0008125779715337976
2.668882289180027	0.07016488266460098
10.88213981188638	-0.1649459528556142
2.488186221535723	-0.02240187398661373
2.421005575687551	0.0006459620211987496
2.629726189739758	0.06080885862080797
12.63758221130339	-0.1276081590412674
2.500972859514395	-0.02620262117465772
2.420223643716843	0.0002688197522332037
2.559365500956662	0.04267499329953407
15.7422484282983	-0.01898115465114651
2.541973295295016	-0.03791136855778069
2.420076692116929	-0.0001582398475288925
2.507657072415975	0.02815949108190919
13.4445863346357	0.1083707706731968
2.613789817054094	-0.05685494888425449
2.420807800445651	-0.0005685013183511566
2.489495318855421	0.02279534095280428
11.07101884843842	0.1611317529616885
2.66420828375449	-0.06907436425622936
2.421462551608539	-0.0008018103565796749
2.487631174408944	0.02223117287050312
10.80073699766226	0.1665773636455419
2.670944197792984	-0.07064270417067912
2.421698439630374	-0.0007836901602062083
2.497910348054019	0.02528597822743339
12.23543727921717	0.1365967973473017
2.638014586371977	-0.0628260750227823
2.421625611072376	-0.0005157866918459441
2.524224553923128	0.03291145718365611
14.96474783202541	0.06302401568692707
2.58313218925354	-0.04898879616019148
2.421524753028133	-0.00005602811816056974
2.570785367849838	0.04572818976583571
15.44873788503425	-0.04118823122118943
2.532773917314926	-0.0353283575636297
2.421593087772104	0.0004262744464701375
2.626782397090737	0.0600786355366348
12.78460688865552	-0.1242351240852512
2.502161918547805	-0.02653739122448948
2.42169346296831	0.0007424953184183963
2.666090839510697	0.06951243184726189
10.99444714427016	-0.1626827783997336
2.488974338141873	-0.02263252333675343
2.421531349340365	0.0008119342961774907
2.667916234443379	0.06994008805174985
10.92070490489472	-0.1641704058471312
2.488452466221892	-0.02248213229339748
2.420945988057827	0.0006238084100421532
2.625048033269548	0.05965713934212297
12.87081072204278	-0.1222337241965148
2.502827409949056	-0.02674755185190402
2.420168769408965	0.0002334544483161404
2.553506944926094	0.04108338167633782
15.812404331957	-0.00675475522581973
2.547328162130412	-0.0393904932113529
2.420116850072038	-0.0001940703717083525
2.505222774618192	0.02744909900844824
13.16174150663569	0.1153315340938222
2.619305645525584	-0.05823327359186798
2.42087403418022	-0.0005961315434537785
2.488874519783975	0.02260909692580034
10.98168189132995	0.1629408147013243
2.666401188117526	-0.06958692350954072
2.421498648252416	-0.0008093191280766573
2.488099765576458	0.02237115280408952
10.86843769686886	0.1652209422431834
2.669230417652844	-0.07024440244692956
2.421699130515632	-0.0007683563595067756
2.49958112717645	0.02577862762770985
12.45506721461608	0.1317277958623146
2.633458664664755	-0.0617167588943825
2.421611922799412	-0.0004796947551880429
2.527647119329641	0.03388251871546884
15.18371832395942	0.05414032993504862
2.577955369122301	-0.04762850159146231
2.421522855989321	-9.734138811711756e-6
2.575810319409811	0.04706197526229353
2.529131617439827	-0.03430226495986378
2.421604345633509	0.0004635141356390397
2.631365460680825	0.0612047816362424
12.55745533472416	-0.1294252535671711
2.500372699667579	-0.02601169845828248
2.421691837004548	0.0007585855582207375
2.667851133035649	0.06992325613182512
10.92347376217853	-0.1641145355448134
2.488480940967074	-0.02248529196352541
2.42149320862615	0.0008039589612724747
2.665590765116786	0.0693975818517045
11.014559162323	-0.1622760610922307
2.489103143894309	-0.02267748159498446
2.420870888583994	0.0005929500510089802
2.618833588626472	0.05811568450271822
13.18584531242609	-0.1147485716058692
2.505425976011522	-0.02750845617440377
2.420115836195444	0.000191837748454176
2.547046482793442	0.03931294056860485
15.81040439644307	0.007386020695877609
2.553803000208161	-0.04116411947734375
2.420170618207351	-0.0002355636914100341
2.502664551425323	0.02669976931384543
12.85059574275877	0.1227047192514691
2.6254505427272	-0.05975652838164743
2.420948862262429	-0.0006264828970998
2.488265761677605	0.02242620748338388
10.89374426221379	0.1647126636932085
2.668590699024139	-0.07009716436573263
2.42153484122234	-0.00081675922659183
2.48857862924504	0.0225141063486041
10.93744844105676	0.1638330993147529
2.667503290135549	-0.06984200958216118
2.421706766078265	-0.0007505973931139115
2.501761371294938	0.02641968693230476
12.73425236000724	0.1253959211659937
2.627791795548176	-0.06032723425329131
2.4215986877664	-0.0004334599466759183
2.532192796432709	0.03516495656487545
15.42245115898845	0.04263479942846549
2.571565540954563	-0.04593585355510734
2.421527059794839	0.00004968587593005479
2.582515006533275	0.04882710226077315
14.99185963129442	-0.06198483628218904
2.524621303570683	-0.03302424157419435
2.421625519979221	0.0005120847164893856
2.637594451018872	0.06272404402489053
12.25550030632928	-0.1361557456729453
2.498061569022564	-0.02533060454925909
2.421698495047859	0.0007822883140635356
2.670785905943164	0.07060594213058215
10.80695924510204	-0.166452875407096
2.487674189086864	-0.02224404914477173
2.421462147751422	0.0008012610789795045
2.664129445292652	0.06905588334300362
11.07425670339549	-0.16106596609321
2.489517921058941	-0.02280210934698564
2.420804567790322	0.0005672074483815894
2.613525005872248	0.05678849514085193
13.45821939295386	-0.1080280548732115
2.507777480996558	-0.02819457396790077
2.420071850628749	0.0001555060786033296
2.541499002284872	0.03777981292531397
15.73263697110039	0.02008754103670091
2.559909239294006	-0.04282207350039901
2.420223937540102	-0.0002737046318587035
2.500455366048643	0.026050426248255
12.57135157170436	0.1291113387528631
2.631069385497978	-0.06113821356019025
2.42101641889315	-0.0006544025814798742
2.487662859805552	0.0222450081334477
10.80640261649077	0.1664640612492396
2.670796869402533	-0.07060980578823912
2.421569377222564	-0.0008248552227243595
2.488931357700813	0.02261928595468394
10.98816487125378	0.1628097009087646
2.666246161200888	-0.06954859078938586
2.421704598044349	-0.0007402198547740973
2.502799789588573	0.02672435751047042
12.8640635992312	0.1223907340978336
2.625196884959534	-0.0596873362718196
2.421592820070566	-0.0004122054563007754
2.534291478622854	0.03575425649644647
15.51288955489938	0.03743815972398057
2.568786102900372	-0.04519487080306105
2.421527545100205	0.00007511447766929497
2.58533944954354	0.04956577584060507
14.86584581935084	-0.06669597746582319
2.522830357125442	-0.03251453316443148
2.42162901083078	0.0005297546842106265
2.639706250108484	0.06323620878609984
12.1550733678767	-0.1383559619121434
2.497307558607712	-0.02510800815496037
2.421689173027521	0.0007862247875915515
2.670883265205185	0.07062862756060531
10.80312423039944	-0.1665295454504113
2.487647182612772	-0.02223628312570292
2.421427627744398	0.0007901231113342942
2.66158339419058	0.06845869562696585
11.17963241846189	-0.1589196830020854
2.49025383003363	-0.02302243107758728
2.420746900674946	0.0005413012249640461
2.608521331110836	0.05552854953803189
13.71613205321554	-0.1014050843542298
2.510115275932476	-0.02887422581300527
2.420045448868195	0.0001251030494966981
2.537235866513224	0.03659337058807381
15.62015651938712	0.03020209066683752
2.56499274223453	-0.0441914712141488
2.420275487929473	-0.0003030336061113953
2.499130197830501	0.0256597289574974
12.39946322396027	0.1329694574106874
2.634590631946135	-0.06199861910157729
2.42106362739762	-0.000670277020910382
2.48762872290592	0.02223430482436199
10.80133416221763	0.1665653764692563
2.670926227476671	-0.07063967295812539
2.42158384874842	-0.0008212503571040408
2.489826897302144	0.02288676620357737
11.11660493066547	0.1602047961075806
2.663107258433864	-0.068813859955386
2.421691695592589	-0.0007167433758910841
2.50486736522702	0.02732972801860087
13.11604052369716	0.1164313855926243
2.620217570983568	-0.05845310063434357
2.421576932457618	-0.0003728924377802531
2.537996510971256	0.03679041462011876
15.64285630816851	0.02844378146250095
2.564119182593888	-0.04394422614168814
2.421527053417368	0.0001174323230556493
2.589998172876966	0.05077787122108205
14.64840004533917	-0.07422601135444036
2.520005850229648	-0.03170804537894873
2.421634013175802	0.000557479232491427
2.643005218959489	0.06403335063733887
12.00028911121841	-0.1417130459413711
2.496158148048911	-0.02476823639317839
2.421673838785368	0.0007918629812384878
2.670949182021892	0.07064407112961286
10.80052084825529	-0.1665815673838286
2.487628347655879	-0.02223116213509353
2.421372751623904	0.0007721962537245901
2.657515329810904	0.06750022022889633
11.35154938589684	-0.1553894760134752
2.491462538829462	-0.02338366764757899
2.420666928901764	0.000503627969051928
2.601401168989137	0.05372059289804116
14.08155290663282	-0.09147554406434591
2.513663758993549	-0.02990141599690752
2.420019261489398	0.00008358146708419292
2.531777732350893	0.0350638332392308
15.4044802079884	0.04359829189391832
2.572064098448731	-0.0460802573455062
2.420346601847461	-0.0003439067901396206
2.497258733576862	0.02510672816901489
12.15162029500142	0.1384314593805393
2.639767731191691	-0.06325614358473973
2.421131875284656	-0.0006939331551823694
2.487504323651291	0.02219635080764287
10.78313509193886	0.1669290881085064
2.671390807582852	-0.07074723851835596
2.421606505664467	-0.000817907867857874
2.49098382412447	0.02323177647090084
11.2814427974012	0.1568332515298382
2.65916876104981	-0.06788749254166902
2.421680126291712	-0.0006857211226527263
2.507797356888282	0.02818450370398329
13.45723954686246	0.1080521797978809
2.61356066608411	-0.05678975324643661
2.421560694641144	-0.0003185704558066169
2.543329772585127	0.03827240635851264
15.76611351649162	0.01590332858587567
2.557891311668127	-0.04226247315288621
2.421531871018029	0.0001758148464887908
2.596638329397178	0.05249197735488731
14.32312764876444	-0.08445775423353405
2.516236770028015	-0.03062677203105682
2.421645237868505	0.0005960218324225101
2.647756252536723	0.06517505261393347
11.78205300582449	-0.1463811038224942
2.494561183214219	-0.02429524495460983
2.421652629218733	0.0007997434780097598
2.671050673076424	0.07066783483658333
10.79651614769335	-0.1666616198862422
2.487599466018227	-0.02222324250105237
2.421296618545795	0.0007473575685037493
2.651883785596642	0.06616460606736481
11.59671111006424	-0.1502904118257399
2.493205649560133	-0.0239034935963203
2.420554804931936	0.0004503652699808501
2.591394868823877	0.05114951981489081
14.5802901402994	-0.0764585573655349
2.519147488007774	-0.03147846156512164
2.419999414774603	0.00002630845091041045
2.52484784863449	0.03310466004949192
15.009123941577	0.0613153781524009
2.582096929138735	-0.04872826766362326
2.420452494750754	-0.0004000058183980132
2.494986405793199	0.02443310260632433
11.84333649172625	0.1450777983255969
2.646399718891321	-0.06485411890860761
2.421220139393869	-0.0007238577687990756
2.487415373756059	0.02216882099048015
10.77001823756921	0.1671909978534809
2.671726821901473	-0.0708248799317276
2.421633929395718	-0.0008118619140527035
2.492599656373105	0.0237127291972022
11.50938507800635	0.1521155328252149
2.653876184253972	-0.06663481929052444
2.421663388798026	-0.0006443589271525783
2.511661858702281	0.02930648188364279
13.87634034526391	0.09713940648932376
2.605427399331137	-0.05473669597891388
2.421542436903016	-0.0002515209483481819
2.549989394415866	0.04010739846653371
15.82239359858928	0.000917923981656263
2.550828702537162	-0.04033745616489079
2.421539036772489	0.0002427176995478767
2.604324364417039	0.054456492221539
13.93298822685791	-0.09559978459000508
2.512212050260427	-0.02946576829519501
2.421655596644891	0.0006366896177361104
2.652721627850031	0.06636039420651729
11.56007999201391	-0.1510571121551537
2.492961531518165	-0.02382048551611326
2.421619377751715	0.0008036847951273951
2.670256068747585	0.07048363625005767
10.82775634311946	-0.1660364649165547
2.487813625221463	-0.02228834678148755
2.421198177792994	0.0007128872244653825
2.644350405960447	0.0643618123540213
11.937455877416	-0.1430647410465136
2.495674545425671	-0.02463721848120721
2.420430258538876	0.0003862459543139742
2.57976766491525	0.04811674815605847
15.10840741429189	-0.05733263773044328
2.526379563650771	-0.03353935573952709
2.420001524812988	-0.00003974963847731839
2.51776664751302	0.03108251582782851
14.4625028535711	0.08020023988186202
2.593809511799887	-0.05177321801998702
2.420579416513065	-0.0004640697125438381
2.492604799722628	0.02372457039669552
11.51261524051484	0.1520483265817551
2.653794133527416	-0.06661884782454036
2.421317593796144	-0.0007574122605184975
2.487261173319906	0.02212163318680591
10.74740298350782	0.1676421416621315
2.67230753686632	-0.0709591377706023
2.421666290675505	-0.0008063534901611434
2.494332742681605	0.02422731374382753
11.7504978271376	0.1470500217972547